Homework 6 by kramkov

GAUSS ROLLBACK

Explicit scheme with default parameters

size = 1536
var = 0.36

Rollback of function f(x) = xe^x. 

       state          value          delta          gamma           vega   
      -0.055       0.345603        1.47869        2.61137        1.56682   
      -0.045       0.360522        1.50499        2.64906        1.58944   
      -0.035       0.375705        1.53168        2.68724        1.61234   
      -0.025       0.391158        1.55875        2.72592        1.63555   
      -0.015       0.406883        1.58621        2.76511        1.65907   
      -0.005       0.422885        1.61406        2.80481        1.68289   
       0.005       0.439167        1.64232        2.84503        1.70702   
       0.015       0.455734        1.67097        2.88577        1.73146   
       0.025       0.472589        1.70004        2.92705        1.75623   
       0.035       0.489737        1.72953        2.96886        1.78132   
       0.045       0.507182        1.75943        3.01122        1.80673   

Implicit scheme with default parameters

size = 1536
var = 0.36

Rollback of function f(x) = xe^x. 

       state          value          delta          gamma           vega   
      -0.055       0.345662        1.47926        2.61566         1.5694   
      -0.045       0.360581        1.50557        2.65341        1.59204   
      -0.035       0.375765        1.53227        2.69165        1.61499   
      -0.025       0.391219        1.55934        2.73039        1.63824   
      -0.015       0.406944        1.58681        2.76964        1.66178   
      -0.005       0.422947        1.61467         2.8094        1.68564   
       0.005        0.43923        1.64293        2.84969        1.70981   
       0.015       0.455797         1.6716        2.89049         1.7343   
       0.025       0.472654        1.70068        2.93183         1.7591   
       0.035       0.489803        1.73017        2.97371        1.78423   
       0.045       0.507249        1.76008        3.01614        1.80968   

Crank-Nicolson scheme with default parameters

size = 1536
var = 0.36

Rollback of function f(x) = xe^x. 

       state          value          delta          gamma           vega   
      -0.055        0.34562        1.47887        2.61296        1.56778   
      -0.045       0.360539        1.50518        2.65067         1.5904   
      -0.035       0.375723        1.53187        2.68887        1.61332   
      -0.025       0.391176        1.55894        2.72758        1.63655   
      -0.015       0.406901         1.5864        2.76679        1.66007   
      -0.005       0.422903        1.61426        2.80651         1.6839   
       0.005       0.439185        1.64251        2.84675        1.70805   
       0.015       0.455753        1.67117        2.88752        1.73251   
       0.025       0.472608        1.70025        2.92881        1.75729   
       0.035       0.489757        1.72973        2.97065        1.78239   
       0.045       0.507202        1.75964        3.01303        1.80782   

3-layer scheme with Crank Nicolson

size = 1536
var = 0.36

Rollback of function f(x) = xe^x. 

       state          value          delta          gamma           vega   
      -0.055       0.345621        1.47888        2.61299        1.56779   
      -0.045        0.36054        1.50518         2.6507        1.59042   
      -0.035       0.375724        1.53187         2.6889        1.61334   
      -0.025       0.391176        1.55894         2.7276        1.63656   
      -0.015       0.406902        1.58641        2.76681        1.66009   
      -0.005       0.422904        1.61426        2.80654        1.68392   
       0.005       0.439186        1.64252        2.84678        1.70807   
       0.015       0.455753        1.67118        2.88755        1.73253   
       0.025       0.472609        1.70025        2.92884        1.75731   
       0.035       0.489757        1.72974        2.97068        1.78241   
       0.045       0.507203        1.75965        3.01306        1.80784   

Fast Fourier Transform: general form

size = 1536
var = 0.36

Rollback of function f(x) = xe^x. 

       state          value          delta          gamma           vega   
      -0.055        0.34561        1.47876        2.61191        1.56714   
      -0.045       0.360529        1.50507         2.6496        1.58976   
      -0.035       0.375713        1.53175        2.68779        1.61268   
      -0.025       0.391165        1.55882        2.72648        1.63589   
      -0.015       0.406891        1.58628        2.76568        1.65941   
      -0.005       0.422892        1.61414        2.80538        1.68323   
       0.005       0.439175        1.64239        2.84561        1.70737   
       0.015       0.455742        1.67105        2.88636        1.73182   
       0.025       0.472597        1.70012        2.92765        1.75659   
       0.035       0.489745        1.72961        2.96947        1.78168   
       0.045       0.507191        1.75951        3.01184         1.8071   

3-layer scheme with FFT general radix

size = 1536
var = 0.36

Rollback of function f(x) = xe^x. 

       state          value          delta          gamma           vega   
      -0.055       0.345611        1.47876        2.61194        1.56716   
      -0.045        0.36053        1.50507        2.64963        1.58978   
      -0.035       0.375713        1.53176        2.68782        1.61269   
      -0.025       0.391166        1.55883        2.72651        1.63591   
      -0.015       0.406891        1.58629        2.76571        1.65943   
      -0.005       0.422893        1.61414        2.80542        1.68325   
       0.005       0.439175         1.6424        2.84564        1.70739   
       0.015       0.455742        1.67106         2.8864        1.73184   
       0.025       0.472598        1.70013        2.92768        1.75661   
       0.035       0.489746        1.72961         2.9695         1.7817   
       0.045       0.507191        1.75952        3.01187        1.80712   

Fast Fourier Transform: radix-2

size = 1024
var = 0.36

Rollback of function f(x) = xe^x. 

       state          value          delta          gamma           vega   
      -0.055        0.34561        1.47876        2.61191        1.56714   
      -0.045       0.360529        1.50507         2.6496        1.58976   
      -0.035       0.375713        1.53175        2.68779        1.61268   
      -0.025       0.391165        1.55882        2.72648        1.63589   
      -0.015       0.406891        1.58628        2.76568        1.65941   
      -0.005       0.422892        1.61414        2.80538        1.68323   
       0.005       0.439175        1.64239        2.84561        1.70737   
       0.015       0.455742        1.67105        2.88636        1.73182   
       0.025       0.472597        1.70012        2.92765        1.75659   
       0.035       0.489745        1.72961        2.96947        1.78168   
       0.045       0.507191        1.75951        3.01184         1.8071   

3-layer scheme with FFT radix-2

size = 1024
var = 0.36

Rollback of function f(x) = xe^x. 

       state          value          delta          gamma           vega   
      -0.055       0.345611        1.47876        2.61194        1.56716   
      -0.045       0.360529        1.50507        2.64963        1.58978   
      -0.035       0.375713        1.53176        2.68782        1.61269   
      -0.025       0.391166        1.55883        2.72651        1.63591   
      -0.015       0.406891        1.58629        2.76571        1.65942   
      -0.005       0.422893        1.61414        2.80542        1.68325   
       0.005       0.439175         1.6424        2.84564        1.70739   
       0.015       0.455742        1.67106        2.88639        1.73184   
       0.025       0.472598        1.70013        2.92768        1.75661   
       0.035       0.489746        1.72961         2.9695         1.7817   
       0.045       0.507191        1.75952        3.01187        1.80712   

